image_width: 640
image_height: 480
camera_name: ov2640
camera_matrix:
  rows: 3
  cols: 3
  data: [407.436654, 0.000000, 639.500000, 0.000000, 407.436654, 511.500000, 0.000000, 0.000000, 1.000000]
distortion_model: plumb_bob
distortion_coefficients:
  rows: 1
  cols: 4
  data: [0.000000, 0.000000, 0.000000, 0.000000]
rectification_matrix:
  rows: 3
  cols: 3
  data: [1.000000, 0.000000, 0.000000, 0.000000, 1.000000, 0.000000, 0.000000, 0.000000, 1.000000]
projection_matrix:
  rows: 3
  cols: 4
  data: [407.436654, 0.000000, 639.500000, 0.000000, 0.000000, 407.436654, 511.500000, 0.000000, 0.000000, 0.000000, 1.000000, 0.000000]
